320890
340391
350699
390390
390799
390890
391910
391990
392099
392329
392350
392390
392690
401693
401699
420231
481910
481920
482110
482190
482390
490199
491110
591190
731815
731816
732690
741021
750890
761699
831110
831120
831130
841430
841451
841459
841460
841510
841581
841582
841583
841590
841810
841821
841830
841840
841861
841869
841891
841899
841911
841912
842211
842219
842310
842320
842330
842381
842382
842389
842390
844311
844312
844313
844316
844317
844319
844331
844332
844339
844391
844399
845011
845012
845019
845020
845090
845110
845121
845129
845130
845210
845221
845610
845630
847010
847021
847029
847030
847050
847090
847130
847141
847149
847150
847160
847170
847180
847190
847290
847321
847329
847330
847340
847350
847621
847629
847681
847689
850110
850410
850421
850422
850423
850431
850432
850433
850434
850440
850450
850490
850511
850519
850520
850590
850610
850630
850640
850650
850660
850680
850690
850710
850720
850730
850740
850750
850760
850780
850790
850811
850819
850860
850870
850940
850980
850990
851010
851020
851030
851090
851120
851210
851220
851230
851240
851290
851310
851390
851610
851621
851629
851631
851632
851633
851640
851650
851660
851671
851672
851679
851680
851690
851711
851713
851714
851718
851761
851762
851769
851770
851771
851779
851810
851821
851822
851829
851830
851840
851850
851890
851920
851930
851981
851989
852110
852190
852210
852290
852321
852329
852341
852349
852351
852352
852359
852380
852411
852412
852419
852491
852492
852499
852550
852560
852581
852582
852583
852589
852610
852691
852692
852712
852713
852719
852721
852729
852791
852792
852799
852842
852849
852852
852859
852862
852869
852871
852872
852873
852910
852990
853010
853080
853090
853110
853120
853180
853190
853210
853221
853222
853223
853224
853225
853229
853230
853290
853310
853321
853329
853331
853339
853340
853390
853400
853510
853521
853529
853530
853540
853590
853610
853620
853630
853641
853649
853650
853661
853669
853670
853690
853710
853720
853810
853890
853910
853921
853922
853929
853931
853932
853939
853941
853949
853950
853990
854011
854012
854020
854040
854060
854071
854079
854081
854089
854091
854099
854110
854121
854129
854130
854141
854142
854143
854149
854150
854151
854159
854160
854190
854231
854232
854233
854239
854290
854310
854320
854330
854340
854370
854390
854411
854419
854420
854430
854442
854449
854460
854470
854511
854519
854520
854590
854610
854620
854690
854710
854720
854790
854810
854890
901210
901290
901320
901380
901390
901420
901480
901580
901590
901600
901720
901811
901812
901813
901814
901819
901820
901850
902140
902150
902212
902213
902214
902219
902221
902229
902230
902290
902519
902710
902720
902730
902750
903010
903020
903031
903032
903033
903039
903040
903082
903084
903089
903090
903210
903220
903281
903289
903290
910111
910191
910211
910212
910291
910310
910511
910521
910591
910610
910690
910811
910812
910819
910910
950450
961210
961380
